21409273
12
18
7
21	44
39	52
46	41	49
74	78
69
33	20	34	65
28	6
78	74
80	3
41	24	46	49	36	53
43	45	37
29	71
50	22
70	63
17	42	44
30	48
68	23
38	76
57
75	22
2	14
25	27	59
22	50	75
26	54
55	5
5	55
77
11	53
10
36	41	32	24	49
20	34	65	33	51
42	44	17
32	49	36
47
27	59	25
72
48	30	54
58
71	29
49	41	32	24	46	36
37	43	45
56
16
73	67
76	38
24	41	49	36
8
53	41	11
34	20	65	33
52	39
65	20	34	31	33
9
45	43	37
61
14	15	2
66
4
40
79	23
60
6	28
15	14
64	13
35
67	73
62
23	79	68
19
31	65
44	42	21	17
63	70
54	26	48
1
3	80
13	64	59
51	20
59	27	13	25
