50237086
96	94
51	14
90	26
15	52	29
6	25
19	76
5	87
71	73	1
89	13	63	98	53
14	51	4
77	47	27	64
93	4	1
41	22	100
49	31
9	22
36
66	13	16	53
34	78
64	47	27	77
20
65	3	16
3	25	88	65
73	1	71
11	56
80	52
92	78	68	24
40
99	12	97
91
60
35	32	44
29	15	10	52	7
81	83
53	13	66	63	89	98
56	11	10
78	34	92
97	99	54
54	97	86	33	84
2	59	50	70
37
27	47	64	77
87	5
50	2	30	70
63	13	16	89	53
47	27	64	77
86	54	84
4	93	14
46	26	8	17
82
79	43	72	74
62	18	67
72	79	43	74
42	69
28	85
58	39
52	80	15	29
70	2	50
21
26	90	46
12	99
23
67	62
10	56	29	7
24	68	92
45
94	96
59	2	43
32	35	44
44	32	35
85	28
39	58
88	3	25	31
30	50
38	22
69	42
17	8	46
31	49	88
76	19
100	41	22
1	93	73	71
83	81
57
18	62
43	59	79	72
22	41	9	100	38
61	55
48
95	75
98	89	53
13	66	16	63	89	53
74	79	72
7	10	29
75	95
84	54	86	33
8	17	46
25	6	3	88
68	92	24
33	54	84
16	13	66	65	63
55	61
