44374810
39	15
60	65	49
66	25
5	78
40	76
58	51	75
62
19	26	48
50
70	56	9
71	27
31
17	13	68
42
57	28	47
59
76	40	21
16	30
48	19
88
27	71
37	52
53	55
49	60
64	82
52	37
61	24
75	86	58
13	17	23	68	14
56	70	9
73	80	77
47	57	28
26	19	12
46
12	26	44
10	3
72	87
15	39
28	57	47
69
84	7	34
11	6	79
3	10	44	85
34	84
82	22	64
43
1	2	29	36
44	3	12
63	79
67	45
9	56	70
7	84
41	45
29	2	1	55
87	72	30
51	58
86	75
33	90
2	1	29
32
80	73
23	13	14
38
83
36	1	89
77	73
79	6	11	63
45	41	67
22	82
65	60
21	76
25	66
35
55	53	29
74
85	3
14	13	23
20
24	61	8
6	11	79
4
30	16	87
18
90	33
78	5
81
8	24
68	17	13
89	36
54
