6799837
13	9	14
64	81	41
9	13
53	65	88	31
14	13
86	27
33	36
34	38
66	70	52
38	34
61	18
56	2	47	29
40
35	57
74	81
90	3
45
7	55	42	49	43
19
36	84	33
54	68	20
65	17	53	31
62	42	43
87
4
63	28	75
72
80	32
26	88
58	15	5
85	68
51	71
29	2	56
76	12	77	8
11	48
32	80
25
16
6	82
50	60
57	35
2	56	1	29
81	64	74	41
46
82	6	52
47	56	15
8	12	77	76
88	53	26
52	70	82	66
43	62	42	7
55	42	7
28	63	75
42	55	62	43	7
73
60	50
69
24
23
31	65	17	53
79
10	49
12	77	8	76
67
39	78
77	12	8	76
21	89
75	28	63
83	89
27	86
15	47	58
68	54	85	20
41	64	81
59
5	58
22	30
3	90	44
20	54	68
18	61
78	39
70	52	66
48	11
17	65	31
1	2
84	36
37
49	7	10
71	51
44	3
30	22
89	21	83
