10175491
92
21	78
73	42
29	31	40
59	87
65	69	72	10
66	19
83
55	98
75
14	36	35
26
84	68	45	34	11
61	96	95
40	29	31
78	21	11
53	44
96	74	95	61
50	4	32
34	84	11
85	89
15	89
80	13	71
9
44	53	7
46	13	32	71
37	64	33
24	38	12
23
1	54
7	44	90
18	90
87	59
11	78	84	34
36	14	28
63	41
69	65	98
10	72	65
12	49	24
56
2	43	25
79	4
28	58	36	94	91
6
20	77
71	80	13	46	32
88
35	14
43	2	86
62
100	5
8
58	94	28
82	60
38	57	24
52
57	38
31	29	40
25	2
64	37
86	43
51	3
30
39	47
94	58	28
54	1
60	82
33	37
47	39
16	48	76	81
77	20
42	73
67
68	45	84
95	74	96	61
91	28
5	100
49	12
81	48	76	16
19	66
90	7	18
41	63	97
97	41
27	17
13	80	46	32	71
45	68	84
22	70
89	15	85
93
99
74	96	95
76	48	16	81
4	79	50
98	55	69
32	13	46	50	71
48	76	16	81
3	51
72	65	10	70
17	27
70	72	22
